35 105 35 35 g
70 105 35 35 g
105 105 35 35 g
140 105 35 35 g
175 105 35 35 g
210 105 35 35 g
245 105 35 35 g
280 105 35 35 g
315 105 35 35 g
350 105 35 35 g
385 105 35 35 g
420 105 35 35 g
455 105 35 35 g
490 105 35 35 g
525 105 35 35 g
560 105 35 35 g
595 105 35 35 g
630 105 35 35 g
665 105 35 35 g
700 105 35 35 g
735 105 35 35 g
770 105 35 35 g
805 105 35 35 g
840 105 35 35 g
875 105 35 35 g
910 105 35 35 g
945 105 35 35 g
980 105 35 35 g
1015 105 35 35 g
1050 105 35 35 g
1085 105 35 35 g
1120 105 35 35 g
1155 105 35 35 g
1190 105 35 35 g
1225 105 35 35 g
1260 105 35 35 g
1295 105 35 35 g
1330 105 35 35 g
1365 105 35 35 g
1400 105 35 35 g
1435 105 35 35 g
1470 105 35 35 g
1505 105 35 35 g
1540 105 35 35 g
1575 105 35 35 g
1610 105 35 35 g
1645 105 35 35 g
1680 105 35 35 g
1715 105 35 35 g
1750 105 35 35 g
1785 105 35 35 g
1820 105 35 35 g
1855 105 35 35 g
1890 105 35 35 g
1925 105 35 35 g
1960 105 35 35 g
1995 105 35 35 g
2030 105 35 35 g
2065 105 35 35 g
2100 105 35 35 g
2135 105 35 35 g
2170 105 35 35 g
2205 105 35 35 g
2240 105 35 35 g
2275 105 35 35 g
2310 105 35 35 g
2345 105 35 35 g
2380 105 35 35 g
2415 105 35 35 g
2450 105 35 35 g
2485 105 35 35 g
2520 105 35 35 g
2555 105 35 35 g
2590 105 35 35 g
2625 105 35 35 g
2660 105 35 35 g
2695 105 35 35 g
2730 105 35 35 g
2765 105 35 35 g
2800 105 35 35 g
2835 105 35 35 g
2870 105 35 35 g
2905 105 35 35 g
2940 105 35 35 g
2975 105 35 35 g
3010 105 35 35 g
3045 105 35 35 g
3080 105 35 35 g
3115 105 35 35 g
3150 105 35 35 g
3185 105 35 35 g
3220 105 35 35 g
3255 105 35 35 g
3290 105 35 35 g
3325 105 35 35 g
3360 105 35 35 g
3395 105 35 35 g
3430 105 35 35 g
3465 105 35 35 g
3500 105 35 35 g
3535 105 35 35 g
3570 105 35 35 g
3605 105 35 35 g
3640 105 35 35 g
3675 105 35 35 g
3710 105 35 35 g
3745 105 35 35 g
3780 105 35 35 g
35 140 35 35 d
70 140 35 35 d
105 140 35 35 d
140 140 35 35 d
175 140 35 35 d
210 140 35 35 d
245 140 35 35 d
280 140 35 35 d
315 140 35 35 d
350 140 35 35 d
385 140 35 35 d
420 140 35 35 d
455 140 35 35 d
490 140 35 35 d
525 140 35 35 d
560 140 35 35 d
595 140 35 35 d
630 140 35 35 d
665 140 35 35 d
700 140 35 35 d
735 140 35 35 d
770 140 35 35 d
805 140 35 35 d
840 140 35 35 d
875 140 35 35 d
910 140 35 35 d
945 140 35 35 d
980 140 35 35 d
1015 140 35 35 d
1050 140 35 35 d
1085 140 35 35 d
1120 140 35 35 d
1155 140 35 35 d
1190 140 35 35 d
1225 140 35 35 d
1260 140 35 35 d
1295 140 35 35 d
1330 140 35 35 d
1365 140 35 35 d
1400 140 35 35 d
1435 140 35 35 d
1470 140 35 35 d
1505 140 35 35 d
1540 140 35 35 d
1575 140 35 35 d
1610 140 35 35 d
1645 140 35 35 d
1680 140 35 35 d
1715 140 35 35 d
1750 140 35 35 d
1785 140 35 35 d
1820 140 35 35 d
1855 140 35 35 d
1890 140 35 35 d
1925 140 35 35 d
1960 140 35 35 d
1995 140 35 35 d
2030 140 35 35 d
2065 140 35 35 d
2100 140 35 35 d
2135 140 35 35 d
2170 140 35 35 d
2205 140 35 35 d
2240 140 35 35 d
2275 140 35 35 d
2310 140 35 35 d
2345 140 35 35 d
2380 140 35 35 d
2415 140 35 35 d
2450 140 35 35 d
2485 140 35 35 d
2520 140 35 35 d
2555 140 35 35 d
2590 140 35 35 d
2625 140 35 35 d
2660 140 35 35 d
2695 140 35 35 d
2730 140 35 35 d
2765 140 35 35 d
2800 140 35 35 d
2835 140 35 35 d
2870 140 35 35 d
2905 140 35 35 d
2940 140 35 35 d
2975 140 35 35 d
3010 140 35 35 d
3045 140 35 35 d
3080 140 35 35 d
3115 140 35 35 d
3150 140 35 35 d
3185 140 35 35 d
3220 140 35 35 d
3255 140 35 35 d
3290 140 35 35 d
3325 140 35 35 d
3360 140 35 35 d
3395 140 35 35 d
3430 140 35 35 d
3465 140 35 35 d
3500 140 35 35 d
3535 140 35 35 d
3570 140 35 35 d
3605 140 35 35 d
3640 140 35 35 d
3675 140 35 35 d
3710 140 35 35 d
3745 140 35 35 d
3780 140 35 35 d
35 175 35 35 d
70 175 35 35 d
105 175 35 35 d
140 175 35 35 d
175 175 35 35 d
210 175 35 35 d
245 175 35 35 d
280 175 35 35 d
315 175 35 35 d
350 175 35 35 d
385 175 35 35 d
420 175 35 35 d
455 175 35 35 d
490 175 35 35 d
525 175 35 35 d
560 175 35 35 d
595 175 35 35 d
630 175 35 35 d
665 175 35 35 d
700 175 35 35 d
735 175 35 35 d
770 175 35 35 d
805 175 35 35 d
840 175 35 35 d
875 175 35 35 d
910 175 35 35 d
945 175 35 35 d
980 175 35 35 d
1015 175 35 35 d
1050 175 35 35 d
1085 175 35 35 d
1120 175 35 35 d
1155 175 35 35 d
1190 175 35 35 d
1225 175 35 35 d
1260 175 35 35 d
1295 175 35 35 d
1330 175 35 35 d
1365 175 35 35 d
1400 175 35 35 d
1435 175 35 35 d
1470 175 35 35 d
1505 175 35 35 d
1540 175 35 35 d
1575 175 35 35 d
1610 175 35 35 d
1645 175 35 35 d
1680 175 35 35 d
1715 175 35 35 d
1750 175 35 35 d
1785 175 35 35 d
1820 175 35 35 d
1855 175 35 35 d
1890 175 35 35 d
1925 175 35 35 d
1960 175 35 35 d
1995 175 35 35 d
2030 175 35 35 d
2065 175 35 35 d
2100 175 35 35 d
2135 175 35 35 d
2170 175 35 35 d
2205 175 35 35 d
2240 175 35 35 d
2275 175 35 35 d
2310 175 35 35 d
2345 175 35 35 d
2380 175 35 35 d
2415 175 35 35 d
2450 175 35 35 d
2485 175 35 35 d
2520 175 35 35 d
2555 175 35 35 d
2590 175 35 35 d
2625 175 35 35 d
2660 175 35 35 d
2695 175 35 35 d
2730 175 35 35 d
2765 175 35 35 d
2800 175 35 35 d
2835 175 35 35 d
2870 175 35 35 d
2905 175 35 35 d
2940 175 35 35 d
2975 175 35 35 d
3010 175 35 35 d
3045 175 35 35 d
3080 175 35 35 d
3115 175 35 35 d
3150 175 35 35 d
3185 175 35 35 d
3220 175 35 35 d
3255 175 35 35 d
3290 175 35 35 d
3325 175 35 35 d
3360 175 35 35 d
3395 175 35 35 d
3430 175 35 35 d
3465 175 35 35 d
3500 175 35 35 d
3535 175 35 35 d
3570 175 35 35 d
3605 175 35 35 d
3640 175 35 35 d
3675 175 35 35 d
3710 175 35 35 d
3745 175 35 35 d
3780 175 35 35 d
35 210 35 35 d
70 210 35 35 d
105 210 35 35 d
140 210 35 35 d
175 210 35 35 d
210 210 35 35 d
245 210 35 35 d
280 210 35 35 d
315 210 35 35 d
350 210 35 35 d
385 210 35 35 d
420 210 35 35 d
455 210 35 35 d
490 210 35 35 d
525 210 35 35 d
560 210 35 35 d
595 210 35 35 d
630 210 35 35 d
665 210 35 35 d
700 210 35 35 d
735 210 35 35 d
770 210 35 35 d
805 210 35 35 d
840 210 35 35 d
875 210 35 35 d
910 210 35 35 d
945 210 35 35 d
980 210 35 35 d
1015 210 35 35 d
1050 210 35 35 d
1085 210 35 35 d
1120 210 35 35 d
1155 210 35 35 d
1190 210 35 35 d
1225 210 35 35 d
1260 210 35 35 d
1295 210 35 35 d
1330 210 35 35 d
1365 210 35 35 d
1400 210 35 35 d
1435 210 35 35 d
1470 210 35 35 d
1505 210 35 35 d
1540 210 35 35 d
1575 210 35 35 d
1610 210 35 35 d
1645 210 35 35 d
1680 210 35 35 d
1715 210 35 35 d
1750 210 35 35 d
1785 210 35 35 d
1820 210 35 35 d
1855 210 35 35 d
1890 210 35 35 d
1925 210 35 35 d
1960 210 35 35 d
1995 210 35 35 d
2030 210 35 35 d
2065 210 35 35 d
2100 210 35 35 d
2135 210 35 35 d
2170 210 35 35 d
2205 210 35 35 d
2240 210 35 35 d
2275 210 35 35 d
2310 210 35 35 d
2345 210 35 35 d
2380 210 35 35 d
2415 210 35 35 d
2450 210 35 35 d
2485 210 35 35 d
2520 210 35 35 d
2555 210 35 35 d
2590 210 35 35 d
2625 210 35 35 d
2660 210 35 35 d
2695 210 35 35 d
2730 210 35 35 d
2765 210 35 35 d
2800 210 35 35 d
2835 210 35 35 d
2870 210 35 35 d
2905 210 35 35 d
2940 210 35 35 d
2975 210 35 35 d
3010 210 35 35 d
3045 210 35 35 d
3080 210 35 35 d
3115 210 35 35 d
3150 210 35 35 d
3185 210 35 35 d
3220 210 35 35 d
3255 210 35 35 d
3290 210 35 35 d
3325 210 35 35 d
3360 210 35 35 d
3395 210 35 35 d
3430 210 35 35 d
3465 210 35 35 d
3500 210 35 35 d
3535 210 35 35 d
3570 210 35 35 d
3605 210 35 35 d
3640 210 35 35 d
3675 210 35 35 d
3710 210 35 35 d
3745 210 35 35 d
3780 210 35 35 d
35 245 35 35 d
70 245 35 35 d
105 245 35 35 d
140 245 35 35 d
175 245 35 35 d
210 245 35 35 d
245 245 35 35 d
280 245 35 35 d
315 245 35 35 d
350 245 35 35 d
385 245 35 35 d
420 245 35 35 d
455 245 35 35 d
490 245 35 35 d
525 245 35 35 d
560 245 35 35 d
595 245 35 35 d
630 245 35 35 d
665 245 35 35 d
700 245 35 35 d
735 245 35 35 d
770 245 35 35 d
805 245 35 35 d
840 245 35 35 d
875 245 35 35 d
910 245 35 35 d
945 245 35 35 d
980 245 35 35 d
1015 245 35 35 d
1050 245 35 35 d
1085 245 35 35 d
1120 245 35 35 d
1155 245 35 35 d
1190 245 35 35 d
1225 245 35 35 d
1260 245 35 35 d
1295 245 35 35 d
1330 245 35 35 d
1365 245 35 35 d
1400 245 35 35 d
1435 245 35 35 d
1470 245 35 35 d
1505 245 35 35 d
1540 245 35 35 d
1575 245 35 35 d
1610 245 35 35 d
1645 245 35 35 d
1680 245 35 35 d
1715 245 35 35 d
1750 245 35 35 d
1785 245 35 35 d
1820 245 35 35 d
1855 245 35 35 d
1890 245 35 35 d
1925 245 35 35 d
1960 245 35 35 d
1995 245 35 35 d
2030 245 35 35 d
2065 245 35 35 d
2100 245 35 35 d
2135 245 35 35 d
2170 245 35 35 d
2205 245 35 35 d
2240 245 35 35 d
2275 245 35 35 d
2310 245 35 35 d
2345 245 35 35 d
2380 245 35 35 d
2415 245 35 35 d
2450 245 35 35 d
2485 245 35 35 d
2520 245 35 35 d
2555 245 35 35 d
2590 245 35 35 d
2625 245 35 35 d
2660 245 35 35 d
2695 245 35 35 d
2730 245 35 35 d
2765 245 35 35 d
2800 245 35 35 d
2835 245 35 35 d
2870 245 35 35 d
2905 245 35 35 d
2940 245 35 35 d
2975 245 35 35 d
3010 245 35 35 d
3045 245 35 35 d
3080 245 35 35 d
3115 245 35 35 d
3150 245 35 35 d
3185 245 35 35 d
3220 245 35 35 d
3255 245 35 35 d
3290 245 35 35 d
3325 245 35 35 d
3360 245 35 35 d
3395 245 35 35 d
3430 245 35 35 d
3465 245 35 35 d
3500 245 35 35 d
3535 245 35 35 d
3570 245 35 35 d
3605 245 35 35 d
3640 245 35 35 d
3675 245 35 35 d
3710 245 35 35 d
3745 245 35 35 d
3780 245 35 35 d
